20,55
20.05,56
20.1,72
20.15,63
20.2,60
20.25,48
20.3,61
20.35,49
20.4,64
20.45,56
20.5,55
20.55,56
20.6,61
20.65,59
20.7,43
20.75,62
20.8,44
20.85,50
20.9,61
20.95,46
21,53
21.05,67
21.1,58
21.15,65
21.2,59
21.25,61
21.3,59
21.35,50
21.4,56
21.45,58
21.5,49
21.55,65
21.6,55
21.65,54
21.7,61
21.75,54
21.8,48
21.85,56
21.9,52
21.95,56
22,54
22.05,51
22.1,54
22.15,58
22.2,53
22.25,59
22.3,58
22.35,55
22.4,60
22.45,72
22.5,80
22.55,81
22.6,93
22.65,97
22.7,117
22.75,144
22.8,237
22.85,345
22.9,457
22.95,456
23,359
23.05,232
23.1,150
23.15,121
23.2,102
23.25,78
23.3,72
23.35,82
23.4,76
23.45,61
23.5,74
23.55,60
23.6,81
23.65,65
23.7,65
23.75,67
23.8,62
23.85,55
23.9,70
23.95,83
24,86
24.05,101
24.1,111
24.15,76
24.2,68
24.25,64
24.3,56
24.35,65
24.4,62
24.45,51
24.5,49
24.55,56
24.6,49
24.65,74
24.7,59
24.75,61
24.8,66
24.85,54
24.9,48
24.95,56
25,53
25.05,60
25.1,48
25.15,64
25.2,43
25.25,64
25.3,50
25.35,48
25.4,48
25.45,66
25.5,70
25.55,56
25.6,66
25.65,67
25.7,64
25.75,68
25.8,57
25.85,63
25.9,69
25.95,49
26,47
26.05,73
26.1,69
26.15,59
26.2,74
26.25,60
26.3,67
26.35,65
26.4,45
26.45,54
26.5,51
26.55,43
26.6,49
26.65,54
26.7,44
26.75,50
26.8,45
26.85,64
26.9,62
26.95,46
27,57
27.05,60
27.1,56
27.15,56
27.2,45
27.25,45
27.3,54
27.35,50
27.4,50
27.45,60
27.5,52
27.55,54
27.6,37
27.65,46
27.7,54
27.75,42
27.8,58
27.85,46
27.9,55
27.95,55
28,63
28.05,58
28.1,75
28.15,83
28.2,66
28.25,67
28.3,53
28.35,46
28.4,59
28.45,44
28.5,55
28.55,51
28.6,55
28.65,53
28.7,40
28.75,50
28.8,55
28.85,51
28.9,47
28.95,61
29,59
29.05,54
29.1,66
29.15,56
29.2,60
29.25,47
29.3,35
29.35,44
29.4,47
29.45,38
29.5,55
29.55,47
29.6,38
29.65,52
29.7,39
29.75,59
29.8,41
29.85,58
29.9,65
29.95,64
30,60
30.05,54
30.1,51
30.15,53
30.2,50
30.25,45
30.3,36
30.35,39
30.4,55
30.45,38
30.5,42
30.55,47
30.6,39
30.65,35
30.7,38
30.75,43
30.8,50
30.85,51
30.9,53
30.95,55
31,58
31.05,59
31.1,55
31.15,74
31.2,67
31.25,106
31.3,208
31.35,257
31.4,226
31.45,138
31.5,77
31.55,68
31.6,76
31.65,77
31.7,64
31.75,70
31.8,74
31.85,113
31.9,129
31.95,118
32,160
32.05,156
32.1,207
32.15,206
32.2,236
32.25,320
32.3,448
32.35,652
32.4,1019
32.45,1355
32.5,1677
32.55,2022
32.6,2102
32.65,2025
32.7,1769
32.75,1537
32.8,1216
32.85,952
32.9,713
32.95,558
33,418
33.05,321
33.1,254
33.15,189
33.2,141
33.25,111
33.3,102
33.35,76
33.4,72
33.45,71
33.5,66
33.55,52
33.6,50
33.65,44
33.7,36
33.75,51
33.8,54
33.85,43
33.9,44
33.95,36
34,48
34.05,48
34.1,38
34.15,39
34.2,39
34.25,33
34.3,32
34.35,30
34.4,29
34.45,33
34.5,41
34.55,32
34.6,47
34.65,55
34.7,64
34.75,54
34.8,41
34.85,35
34.9,46
34.95,42
35,38
35.05,38
35.1,51
35.15,45
35.2,43
35.25,42
35.3,52
35.35,45
35.4,46
35.45,31
35.5,32
35.55,41
35.6,28
35.65,38
35.7,35
35.75,35
35.8,27
35.85,32
35.9,32
35.95,31
36,31
36.05,46
36.1,30
36.15,30
36.2,35
36.25,27
36.3,23
36.35,33
36.4,42
36.45,26
36.5,26
36.55,31
36.6,31
36.65,29
36.7,39
36.75,36
36.8,38
36.85,30
36.9,39
36.95,30
37,35
37.05,30
37.1,37
37.15,29
37.2,41
37.25,60
37.3,53
37.35,44
37.4,40
37.45,32
37.5,26
37.55,18
37.6,24
37.65,34
37.7,34
37.75,31
37.8,24
37.85,31
37.9,29
37.95,27
38,23
38.05,23
38.1,31
38.15,37
38.2,36
38.25,43
38.3,42
38.35,43
38.4,60
38.45,54
38.5,62
38.55,54
38.6,40
38.65,29
38.7,39
38.75,22
38.8,34
38.85,36
38.9,34
38.95,27
39,26
39.05,28
39.1,34
39.15,27
39.2,29
39.25,37
39.3,32
39.35,27
39.4,39
39.45,39
39.5,43
39.55,39
39.6,56
39.65,48
39.7,49
39.75,60
39.8,59
39.85,73
39.9,94
39.95,142
40,210
40.05,289
40.1,368
40.15,408
40.2,405
40.25,334
40.3,293
40.35,241
40.4,240
40.45,152
40.5,120
40.55,106
40.6,78
40.65,80
40.7,69
40.75,69
40.8,75
40.85,66
40.9,61
40.95,65
41,46
41.05,49
41.1,46
41.15,27
41.2,43
41.25,36
41.3,37
41.35,37
41.4,31
41.45,25
41.5,32
41.55,31
41.6,26
41.65,31
41.7,27
41.75,37
41.8,28
41.85,34
41.9,39
41.95,40
42,44
42.05,41
42.1,47
42.15,37
42.2,36
42.25,41
42.3,34
42.35,41
42.4,37
42.45,47
42.5,60
42.55,72
42.6,92
42.65,68
42.7,80
42.75,62
42.8,45
42.85,64
42.9,45
42.95,52
43,38
43.05,39
43.1,39
43.15,40
43.2,45
43.25,62
43.3,63
43.35,67
43.4,51
43.45,36
43.5,38
43.55,52
43.6,57
43.65,68
43.7,82
43.75,85
43.8,66
43.85,42
43.9,39
43.95,32
44,32
44.05,35
44.1,23
44.15,18
44.2,24
44.25,40
44.3,36
44.35,21
44.4,23
44.45,26
44.5,33
44.55,37
44.6,22
44.65,29
44.7,31
44.75,20
44.8,35
44.85,23
44.9,31
44.95,22
45,24
45.05,24
45.1,34
45.15,29
45.2,20
45.25,20
45.3,30
45.35,34
45.4,26
45.45,32
45.5,30
45.55,28
45.6,31
45.65,26
45.7,31
45.75,35
45.8,31
45.85,32
45.9,31
45.95,39
46,35
46.05,33
46.1,50
46.15,41
46.2,46
46.25,53
46.3,52
46.35,51
46.4,80
46.45,104
46.5,116
46.55,166
46.6,259
46.65,369
46.7,506
46.75,621
46.8,721
46.85,738
46.9,734
46.95,668
47,564
47.05,415
47.1,321
47.15,258
47.2,162
47.25,136
47.3,95
47.35,86
47.4,83
47.45,58
47.5,54
47.55,52
47.6,47
47.65,44
47.7,37
47.75,32
47.8,29
47.85,30
47.9,37
47.95,37
48,42
48.05,29
48.1,32
48.15,47
48.2,43
48.25,40
48.3,40
48.35,40
48.4,47
48.45,49
48.5,44
48.55,37
48.6,37
48.65,33
48.7,34
48.75,44
48.8,36
48.85,25
48.9,34
48.95,28
49,23
49.05,33
49.1,24
49.15,24
49.2,28
49.25,25
49.3,23
49.35,29
49.4,29
49.45,36
49.5,31
49.55,27
49.6,24
49.65,22
49.7,25
49.75,27
49.8,31
49.85,27
49.9,32
49.95,33
50,27
50.05,26
50.1,23
50.15,21
50.2,19
50.25,25
50.3,28
50.35,22
50.4,25
50.45,28
50.5,29
50.55,32
50.6,24
50.65,23
50.7,26
50.75,28
50.8,28
50.85,24
50.9,24
50.95,23
51,29
51.05,26
51.1,22
51.15,23
51.2,23
51.25,27
51.3,29
51.35,30
51.4,30
51.45,25
51.5,24
51.55,24
51.6,25
51.65,22
51.7,24
51.75,27
51.8,21
51.85,29
51.9,34
51.95,31
52,37
52.05,32
52.1,31
52.15,36
52.2,31
52.25,38
52.3,47
52.35,55
52.4,80
52.45,84
52.5,94
52.55,108
52.6,119
52.65,132
52.7,131
52.75,125
52.8,128
52.85,127
52.9,108
52.95,103
53,89
53.05,71
53.1,75
53.15,71
53.2,60
53.25,55
53.3,53
53.35,49
53.4,48
53.45,48
53.5,44
53.55,36
53.6,45
53.65,41
53.7,38
53.75,44
53.8,35
53.85,28
53.9,36
53.95,41
54,35
54.05,40
54.1,38
54.15,49
54.2,50
54.25,38
54.3,34
54.35,40
54.4,46
54.45,41
54.5,35
54.55,31
54.6,29
54.65,32
54.7,35
54.75,41
54.8,41
54.85,39
54.9,39
54.95,42
55,42
55.05,35
55.1,29
55.15,30
55.2,33
55.25,36
55.3,35
55.35,32
55.4,34
55.45,39
55.5,38
55.55,37
55.6,44
55.65,51
55.7,47
55.75,39
55.8,35
55.85,41
55.9,45
55.95,49
56,52
56.05,43
56.1,40
56.15,40
56.2,34
56.25,30
56.3,27
56.35,26
56.4,29
56.45,31
56.5,26
56.55,29
56.6,33
56.65,28
56.7,32
56.75,40
56.8,36
56.85,37
56.9,37
56.95,28
57,32
57.05,36
57.1,37
57.15,39
57.2,38
57.25,44
57.3,44
57.35,42
57.4,47
57.45,54
57.5,70
57.55,90
57.6,115
57.65,133
57.7,143
57.75,162
57.8,208
57.85,267
57.9,334
57.95,427
58,508
58.05,566
58.1,594
58.15,587
58.2,603
58.25,630
58.3,597
58.35,575
58.4,539
58.45,432
58.5,357
58.55,306
58.6,247
58.65,209
58.7,171
58.75,145
58.8,131
58.85,106
58.9,92
58.95,89
59,92
59.05,92
59.1,99
59.15,85
59.2,73
59.25,68
59.3,52
59.35,45
59.4,47
59.45,44
59.5,42
59.55,44
59.6,42
59.65,37
59.7,31
59.75,33
59.8,28
59.85,26
59.9,31
59.95,32
60,22
60.05,25
60.1,34
60.15,34
60.2,29
60.25,29
60.3,26
60.35,25
60.4,20
60.45,26
60.5,33
60.55,33
60.6,20
60.65,22
60.7,24
60.75,25
60.8,23
60.85,22
60.9,24
60.95,23
61,23
61.05,22
61.1,29
61.15,28
61.2,23
61.25,22
61.3,20
61.35,22
61.4,22
61.45,23
61.5,21
61.55,22
61.6,24
61.65,25
61.7,28
61.75,31
61.8,28
61.85,26
61.9,25
61.95,27
62,29
62.05,30
62.1,35
62.15,39
62.2,36
62.25,37
62.3,34
62.35,34
62.4,37
62.45,34
62.5,25
62.55,24
62.6,22
62.65,22
62.7,29
62.75,28
62.8,28
62.85,36
62.9,54
62.95,41
63,31
63.05,34
63.1,33
63.15,30
63.2,29
63.25,24
63.3,21
63.35,18
63.4,18
63.45,23
63.5,19
63.55,29
63.6,28
63.65,30
63.7,24
63.75,23
63.8,22
63.85,20
63.9,22
63.95,29
64,22
64.05,22
64.1,26
64.15,23
64.2,24
64.25,21
64.3,22
64.35,26
64.4,30
64.45,21
64.5,19
64.55,32
64.6,31
64.65,27
64.7,24
64.75,32
64.8,31
64.85,31
64.9,32
64.95,30
65,30
65.05,27
65.1,36
65.15,28
65.2,30
65.25,37
65.3,42
65.35,43
65.4,46
65.45,41
65.5,39
65.55,35
65.6,27
65.65,26
65.7,28
65.75,30
65.8,25
65.85,20
65.9,24
65.95,26
66,24
66.05,18
66.1,21
66.15,25
66.2,22
66.25,17
66.3,23
66.35,25
66.4,29
66.45,23
66.5,24
66.55,30
66.6,25
66.65,24
66.7,32
66.75,27
66.8,22
66.85,29
66.9,31
66.95,30
67,30
67.05,25
67.1,24
67.15,31
67.2,33
67.25,32
67.3,36
67.35,30
67.4,23
67.45,28
67.5,38
67.55,37
67.6,40
67.65,43
67.7,55
67.75,71
67.8,74
67.85,84
67.9,113
67.95,133
68,136
68.05,159
68.1,160
68.15,169
68.2,192
68.25,202
68.3,217
68.35,221
68.4,210
68.45,191
68.5,183
68.55,180
68.6,184
68.65,168
68.7,162
68.75,133
68.8,111
68.85,103
68.9,97
68.95,104
69,99
69.05,101
69.1,101
69.15,84
69.2,77
69.25,68
69.3,64
69.35,47
69.4,46
69.45,49
69.5,47
69.55,39
69.6,34
69.65,37
69.7,39
69.75,41
69.8,32
69.85,30
69.9,32
69.95,38
70,35
70.05,25
70.1,29
70.15,30
70.2,27
70.25,23
70.3,23
70.35,22
70.4,17
70.45,20
70.5,22
70.55,25
70.6,22
70.65,23
70.7,23
70.75,20
70.8,21
70.85,26
70.9,27
70.95,22
71,24
71.05,20
71.1,20
71.15,22
71.2,23
71.25,21
71.3,24
71.35,23
71.4,31
71.45,26
71.5,20
71.55,27
71.6,32
71.65,26
71.7,29
71.75,29
71.8,26
71.85,22
71.9,25
71.95,28
72,27
72.05,30
72.1,31
72.15,27
72.2,21
72.25,28
72.3,34
72.35,40
72.4,33
72.45,26
72.5,27
72.55,28
72.6,30
72.65,41
72.7,55
72.75,46
72.8,38
72.85,53
72.9,66
72.95,66
73,70
73.05,69
73.1,71
73.15,66
73.2,65
73.25,60
73.3,60
73.35,63
73.4,67
73.45,66
73.5,53
73.55,47
73.6,46
73.65,43
73.7,38
73.75,35
73.8,36
73.85,29
73.9,38
73.95,39
74,31
74.05,28
74.1,33
74.15,39
74.2,37
74.25,34
74.3,31
74.35,39
74.4,27
74.45,28
74.5,28
74.55,25
74.6,24
74.65,29
74.7,32
74.75,31
74.8,28
74.85,27
74.9,36
74.95,36
75,22
75.05,27
75.1,28
75.15,28
75.2,26
75.25,27
75.3,31
75.35,33
75.4,33
75.45,36
75.5,35
75.55,30
75.6,32
75.65,28
75.7,34
75.75,29
75.8,31
75.85,37
75.9,36
75.95,39
76,41
76.05,43
76.1,37
76.15,27
76.2,28
76.25,35
76.3,32
76.35,34
76.4,32
76.45,29
76.5,26
76.55,28
76.6,29
76.65,23
76.7,20
76.75,24
76.8,29
76.85,25
76.9,30
76.95,29
77,33
77.05,36
77.1,42
77.15,44
77.2,44
77.25,52
77.3,70
77.35,80
77.4,99
77.45,118
77.5,134
77.55,150
77.6,168
77.65,177
77.7,197
77.75,220
77.8,220
77.85,208
77.9,220
77.95,202
78,196
78.05,203
78.1,182
78.15,152
78.2,133
78.25,151
78.3,138
78.35,109
78.4,101
78.45,91
78.5,86
78.55,78
78.6,74
78.65,75
78.7,57
78.75,47
78.8,53
78.85,54
78.9,47
78.95,43
79,46
79.05,44
79.1,37
79.15,37
79.2,38
79.25,48
79.3,51
79.35,43
79.4,35
79.45,33
79.5,40
79.55,31
79.6,28
79.65,27
79.7,29
79.75,32
79.8,31
79.85,26
79.9,28
79.95,29
80,28

